857 346 504 182 321 340 502 622 805 702 302 580 661 457 435 635 327 546 783 189 446 715 229 465 130 
351 743 192 958 499 377 340 575 204 372 860 88 774 135 911 566 737 332 437 189 138 781 440 828 
912 756 206 657 357 699 658 223 200 805 21 208 651 870 62 785 414 591 794 632 945 569 754 248 
328 2 687 576 517 19 76 618 878 731 388 653 210 123 174 673 599 145 462 338 319 759 656 345 
900 806 521 22 506 467 232 333 640 664 229 589 680 342 281 237 299 54 721 446 148 398 243 689 
829 926 415 530 272 847 463 285 758 898 131 350 377 381 604 750 390 739 152 819 231 288 640 286 
720 423 181 973 701 424 497 612 625 351 760 283 776 915 53 224 594 530 190 851 343 765 278 153 
94 357 798 197 136 365 557 67 317 886 797 712 774 380 388 736 782 511 151 91 647 980 142 153 
682 114 565 57 535 280 613 536 500 450 905 387 342 804 969 465 911 420 348 714 173 701 286 988 
998 697 212 370 255 448 844 466 275 976 727 897 301 560 453 137 252 787 67 91 800 123 130 584 
320 532 666 831 857 714 612 526 602 705 663 202 303 54 326 569 607 104 572 14 533 589 837 316 
928 314 396 784 809 985 337 980 829 253 562 289 95 169 328 525 767 595 200 101 682 335 43 131 
136 420 651 777 687 178 331 496 549 871 465 388 107 31 90 283 388 181 447 499 129 115 754 349 
433 482 928 707 168 628 80 694 559 523 616 918 725 409 149 931 544 702 917 924 862 815 585 897 
451 455 99 185 291 947 552 821 416 454 411 1 353 823 252 439 548 794 284 199 189 38 428 936 
908 398 212 966 500 899 847 748 882 671 256 237 369 514 251 53 86 864 486 434 633 347 571 151 
216 494 784 628 839 839 873 31 399 50 988 110 650 149 739 700 884 97 410 504 986 653 409 880 
919 641 93 652 204 548 384 362 91 642 926 798 781 1 424 785 767 740 270 702 851 151 686 764 
194 247 633 153 685 514 757 484 147 331 365 554 442 885 585 821 154 252 768 793 835 847 395 573 
685 439 691 969 78 246 977 685 342 720 920 944 598 342 716 539 92 592 877 330 508 967 942 816 